a     b	       E1min       dx             dy              dz           E2min    dx         dy          dz        E3min     dx        dy          dz        E4min dx dy dz
3.932 3.932	C 	0.0000000000	0.0000000000	0.2672516718     B  0.144055373 0.144055373 0.000000000    D  0.000000000 0.000000000 0.000000000     A  0 0 0
3.934 3.932	C	0.0000000000	0.0000000000	0.2663568633     B  0.146239893 0.142875773 0.000000000    D  0.000000000 0.000000000 0.000000000     A  0 0 0
3.934 3.934	C	0.0000000000	0.0000000000	0.2644929066     B  0.145020353 0.145020353 0.000000000    D  0.000000000 0.000000000 0.000000000     A  0 0 0
3.936 3.932	C	0.0000000000	0.0000000000	0.2655296213     B  0.150552000 0.139454933 0.000000000    A  0.000000000 0.000000000 0.000000000     D  0 0 0
3.936 3.934	C	0.0000000000	0.0000000000	0.2641418729     B  0.147993600 0.143394300 0.000000000    D  0.000000000 0.000000000 0.000000000     A  0 0 0
3.936 3.936	C	0.0000000000	0.0000000000	0.2633466048     B  0.146235520 0.146235520 0.000000000    D  0.000000000 0.000000000 0.000000000     A  0 0 0
3.938 3.932	C	0.0000000000	0.0000000000	0.2640165912     B  0.155787280 0.135051093 0.000000000    D  0.000000000 0.000000000 0.000000000     A  0 0 0
3.938 3.934	C	0.0000000000	0.0000000000	0.2634342702     B  0.152098687 0.140194647 0.000000000    D  0.000000000 0.000000000 0.000000000     A  0 0 0
3.938 3.936	C	0.0000000000	0.0000000000	0.2624630771     B  0.149079553 0.144621760 0.000000000    D  0.000000000 0.000000000 0.000000000     A  0 0 0
3.938 3.938	C	0.0000000000	0.0000000000	0.2614682707     B  0.147478100 0.147478100 0.000000000    D  0.000000000 0.000000000 0.000000000     A  0 0 0
3.940 3.932	C	0.0000000000	0.0000000000	0.2630719017     B  0.158742600 0.132783640 0.000000000    D  0.000000000 0.000000000 0.000000000     A  0 0 0
3.940 3.934	C	0.0000000000	0.0000000000	0.2628490167     B  0.156024000 0.137139240 0.000000000    D  0.000000000 0.000000000 0.000000000     A  0 0 0
3.940 3.936	C	0.0000000000	0.0000000000	0.2615711000     B  0.153318533 0.141302400 0.000000000    D  0.000000000 0.000000000 0.000000000     A  0 0 0
3.940 3.938	C	0.0000000000	0.0000000000	0.2609508151     D  0.149614933 0.146375460 0.000000000    A  0.194990600 0.000000000 0.000968302     B  0 0 0
3.940 3.940	C	0.0000000000	0.0000000000	0.2597775419     B  0.148616800 0.148616800 0.000000000    D  0.000000000 0.000000000 0.000000000     A  0 0 0
3.942 3.932	C	0.0000000000	0.0000000000	0.2626404664     B  0.164723040 0.126374480 0.000000000    D  0.000000000 0.000000000 0.000000000     A  0 0 0
3.942 3.934	C	0.0000000000	0.0000000000	0.2618635450     D  0.159664140 0.134070720 0.000000000    A  0.196127640 0.000000000 0.002565300     B  0 0 0
3.942 3.936	C	0.0000000000	0.0000000000	0.2611352269     B  0.156549960 0.138848960 0.000000000    D  0.000000000 0.000000000 0.000000000     A  0 0 0
3.942 3.938	C	0.0000000000	0.0000000000	0.2598975789     B  0.154053360 0.142936273 0.000000000    D  0.000000000 0.000000000 0.000000000     A  0 0 0
3.942 3.940	C	0.0000000000	0.0000000000	0.2592250034     B  0.150847200 0.147421667 0.000000000    D  0.000000000 0.000000000 0.000000000     A  0 0 0
3.942 3.942	C	0.0000000000	0.0000000000	0.2580604026     B  0.149782860 0.149782860 0.000000000    D  0.000000000 0.000000000 0.000000000     A  0 0 0
3.944 3.932	C	0.0000000000	0.0000000000	0.2618519947     B  0.166502533 0.125352160 0.000000000    D  0.000000000 0.000000000 0.000000000     A  0 0 0
3.944 3.934	C	0.0000000000	0.0000000000	0.2609508151     B  0.163557680 0.130766160 0.000000000    D  0.000000000 0.000000000 0.000000000     A  0 0 0
3.944 3.936	C	0.0000000000	0.0000000000	0.2597062974     B  0.162926640 0.132420160 0.000000000    D  0.000000000 0.000000000 0.000000000     A  0 0 0
3.944 3.938	C	0.0000000000	0.0000000000	0.2590203475     B  0.158680267 0.138985147 0.000000000    D  0.000000000 0.000000000 0.000000000     A  0 0 0
3.944 3.940	C	0.0000000000	0.0000000000	0.2587195705     B  0.155393600 0.143810000 0.000000000    D  0.000000000 0.000000000 0.000000000     A  0 0 0
3.944 3.942	C	0.0000000000	0.0000000000	0.2572895664     B  0.151909733 0.148639680 0.000000000    D  0.000000000 0.000000000 0.000000000     A  0 0 0
3.944 3.944	C	0.0000000000	0.0000000000	0.2562247089     B  0.150858000 0.150858000 0.000000000    D  0.000000000 0.000000000 0.000000000     A  0 0 0
3.946 3.932	C	0.0000000000	0.0000000000	0.2611107688     B  0.170493507 0.121171133 0.000000000    D  0.000000000 0.000000000 0.000000000     A  0 0 0
3.946 3.934	C	0.0000000000	0.0000000000	0.2597505856     B  0.168744113 0.125297900 0.000000000    D  0.000000000 0.000000000 0.000000000     A  0 0 0
3.946 3.936	C	0.0000000000	0.0000000000	0.2591403132     B  0.165061180 0.131370560 0.000000000    D  0.000000000 0.000000000 0.000000000     A  0 0 0
3.946 3.938	C	0.0000000000	0.0000000000	0.2585425737     B  0.162693580 0.135362187 0.000000000    D  0.000000000 0.000000000 0.000000000     A  0 0 0
3.946 3.940	C	0.0000000000	0.0000000000	0.2575170021     B  0.159536780 0.140277133 0.000000000    D  0.000000000 0.000000000 0.000000000     A  0 0 0
3.946 3.942	C	0.0000000000	0.0000000000	0.2569444963     B  0.156287907 0.145249560 0.000000000    D  0.000000000 0.000000000 0.000000000     A  0 0 0
3.946 3.944	C	0.0000000000	0.0000000000	0.2553821119     B  0.153236333 0.149661653 0.000000000    D  0.000000000 0.000000000 0.000000000     A  0 0 0
3.946 3.946	C	0.0000000000	0.0000000000	0.2547044208     B  0.123115200 0.123115200 0.151717514    D  0.152065687 0.152065687 0.000000000     A  0 0 0
3.948 3.932	C	0.0000000000	0.0000000000	0.2598507162     D  0.173554080 0.118431840 0.000000000    A  0.199781960 0.000000000 0.002525263     B  0 0 0
3.948 3.934	C	0.0000000000	0.0000000000	0.2594194165     B  0.172238080 0.121613053 0.000000000    D  0.000000000 0.000000000 0.000000000     A  0 0 0
3.948 3.936	C	0.0000000000	0.0000000000	0.2581161884     D  0.169158640 0.127316480 0.000000000    B  0.000000000 0.000000000 0.000000000     A  0 0 0
3.948 3.938	C	0.0000000000	0.0000000000	0.2580656687     B  0.165789680 0.133065020 0.000000000    D  0.000000000 0.000000000 0.000000000     A  0 0 0
3.948 3.940	C	0.0000000000	0.0000000000	0.2569265830     B  0.164065720 0.136284600 0.000000000    D  0.000000000 0.000000000 0.000000000     A  0 0 0
3.948 3.942	C	0.0000000000	0.0000000000	0.2554544283     B  0.160591480 0.141662340 0.000000000    D  0.000000000 0.000000000 0.000000000     A  0 0 0
3.948 3.944	C	0.0000000000	0.0000000000	0.2552916100     B  0.126599200 0.119371733 0.151563609    D  0.157867360 0.146006880 0.000000000     A  0 0 0
3.948 3.946	C	0.0000000000	0.0000000000	0.2541762437     B  0.130191880 0.125193427 0.142033676    D  0.153906200 0.151158107 0.000000000     A  0 0 0
3.948 3.948	C	0.0000000000	0.0000000000	0.2531457919     B  0.134797880 0.134797880 0.124394394    D  0.153182400 0.153182400 0.000000000     A  0 0 0
3.950 3.932	C	0.0000000000	0.0000000000	0.2593321516     B  0.177157500 0.114263920 0.000000000    D  0.000000000 0.000000000 0.000000000     A  0 0 0
3.950 3.934	D	0.0036603333	-0.0000262267	0.2583341413     C  0.174695333 0.119462467 0.000000000    B  0.000000000 0.000000000 0.000000000     A  0 0 0
3.950 3.936	C	0.0000000000	0.0000000000	0.2577868496     B  0.172931000 0.123616640 0.000000000    D  0.000000000 0.000000000 0.000000000     A  0 0 0
3.950 3.938	C	0.0000000000	0.0000000000	0.2568983931     B  0.171403667 0.127026753 0.000000000    D  0.000000000 0.000000000 0.000000000     A  0 0 0
3.950 3.940	C	0.0000000000	0.0000000000	0.2558883825     B  0.166821667 0.134393400 0.000000000    D  0.000000000 0.000000000 0.000000000     A  0 0 0
3.950 3.942	C	0.0000000000	0.0000000000	0.2550849952     B  0.131284833 0.114291720 0.151526337    D  0.165426000 0.137247300 0.000000000     A  0 0 0
3.950 3.944	C	0.0000000000	0.0000000000	0.2543054142     B  0.137381000 0.121422613 0.137276278    D  0.161897333 0.142641333 0.000000000     A  0 0 0
3.950 3.946	C	0.0000000000	0.0000000000	0.2537363160     B  0.140922833 0.130862513 0.121146420    D  0.158829500 0.147159493 0.000000000     A  0 0 0
3.950 3.948	C	0.0000000000	0.0000000000	0.2523016158     D  0.141963000 0.136653440 0.111763416    B  0.155379833 0.151984840 0.000000000     A  0 0 0
3.950 3.950	D	0.1438985000	0.1438985000	0.0966979260     A  0.154260667 0.154260667 0.000000000    B  0.000000000 0.000000000 0.251743750     C  0 0 0
3.952 3.932	C	0.0000000000	0.0000000000	0.2584591995     B  0.180132160 0.111026573 0.000000000    D  0.000000000 0.000000000 0.000000000     A  0 0 0
3.952 3.934	C	0.0000000000	0.0000000000	0.2578599162     D  0.178617227 0.115174407 0.000000000    B  0.000000000 0.000000000 0.000000000     A  0 0 0
3.952 3.936	C	0.0000000000	0.0000000000	0.2564315104     B  0.175389760 0.121386240 0.000000000    D  0.000000000 0.000000000 0.000000000     A  0 0 0
3.952 3.938	C	0.0000000000	0.0000000000	0.2564343979     B  0.173110773 0.125871607 0.000000000    D  0.000000000 0.000000000 0.000000000     A  0 0 0
3.952 3.940	C	0.0000000000	0.0000000000	0.2547882540     B  0.136304480 0.108993533 0.151016722    D  0.171411413 0.129481533 0.000000000     A  0 0 0
3.952 3.942	C	0.0000000000	0.0000000000	0.2543085674     B  0.142048053 0.115369200 0.137857696    D  0.169250987 0.133922880 0.000000000     A  0 0 0
3.952 3.944	C	0.0000000000	0.0000000000	0.2536634629     B  0.146606027 0.125129973 0.120267099    D  0.165233120 0.139880533 0.000000000     A  0 0 0
3.952 3.946	C	0.0000000000	0.0000000000	0.2528955602     B  0.147712587 0.131349187 0.110194637    D  0.163362507 0.143608093 0.000000000     A  0 0 0
3.952 3.948	D	0.1488059733	0.1376667600	0.0985506027     A  0.159581760 0.148760640 0.000000000    C  0.015939733 0.000000000 0.251041310     B  0 0 0
3.952 3.950	D	0.1494514667	0.1436351667	0.0864059898     A  0.156380640 0.153194167 0.000000000    C  0.000000000 0.000000000 0.251186170     B  0.187048160 0.000000000 0.101106119
3.952 3.952	D	0.1491089600	0.1491089600	0.0760323912     A  0.155498027 0.155498027 0.000000000    C  0.016493013 0.000000000 0.249397380     B  0 0 0
3.954 3.932	C	0.0000000000	0.0000000000	0.2576259860     B  0.183992800 0.105928080 0.000000000    D  0.000000000 0.000000000 0.000000000     A  0 0 0
3.954 3.934	C	0.0000000000	0.0000000000	0.2566486182     D  0.182253040 0.110689647 0.000000000    A  0.203762800 0.000000000 0.002144387     B  0 0 0
3.954 3.936	C	0.0000000000	0.0000000000	0.2560419368     B  0.139879340 0.095815360 0.157613761    D  0.178747160 0.117738880 0.000000000     A  0 0 0
3.954 3.938	C	0.0000000000	0.0000000000	0.2554241950     B  0.142054040 0.101744793 0.150238456    D  0.176822880 0.122038620 0.000000000     A  0 0 0
3.954 3.940	C	0.0000000000	0.0000000000	0.2543110899     B  0.147629180 0.111961667 0.133764623    D  0.174621820 0.126762933 0.000000000     A  0 0 0
3.954 3.942	C	0.0000000000	0.0000000000	0.2531823308     B  0.151029620 0.119547720 0.120406104    D  0.171788120 0.131965020 0.000000000     A  0 0 0
3.954 3.944	C	0.0000000000	0.0000000000	0.2525846397     B  0.153586540 0.126378907 0.107095624    D  0.169797940 0.135397520 0.000000000     A  0 0 0
3.954 3.946	D	0.1541532800	0.1327039800	0.0965298010     A  0.167254200 0.140253993 0.000000000    C  0.017015380 0.000000000 0.251184572     B  0 0 0
3.954 3.948	D	0.1550758800	0.1375878000	0.0863809100     A  0.163761500 0.145378520 0.000000000    C  0.000000000 0.000000000 0.251214886     B  0.168058180 0.000000000 0.143269147
3.954 3.950	D	0.1546541200	0.1426608333	0.0777576275     A  0.160888260 0.149797167 0.000000000    C  0.000000000 0.000000000 0.251124094     B  0.167030140 0.000000000 0.144667621
3.954 3.952	D	0.1544564200	0.1482263467	0.0656603350     A  0.157514180 0.154404640 0.000000000    C  0.019822720 0.000000000 0.248726438     B  0 0 0
3.954 3.954	D	0.1544696000	0.1544696000	0.0452878953     A  0.156697020 0.156697020 0.000000000    C  0.000000000 0.000000000 0.248927769     B  0.155998480 0.000000000 0.160081513
3.956 3.932	D	0.0054724667	-0.0016645467	0.2569809606     C  0.185826507 0.104460133 0.000000000    B  0.000000000 0.000000000 0.000000000     A  0 0 0
3.956 3.934	C	0.0000000000	0.0000000000	0.2563313236     B  0.145963213 0.088462547 0.155852187    D  0.184125427 0.109037367 0.000000000     A  0 0 0
3.956 3.936	C	0.0000000000	0.0000000000	0.2550421240     B  0.146965400 0.097271680 0.148186964    D  0.183756200 0.111139520 0.000000000     A  0 0 0
3.956 3.938	C	0.0000000000	0.0000000000	0.2542669804     B  0.153862027 0.107047967 0.129842147    D  0.180077120 0.118599433 0.000000000     A  0 0 0
3.956 3.940	C	0.0000000000	0.0000000000	0.2532194967     B  0.031291960 0.000000000 0.250459543    D  0.157857587 0.114772200 0.114614680     A  0.177189240 0.124464600 0.000000000
3.956 3.942	B	0.0222327200	0.0000000000	0.2519786632     D  0.159202627 0.120533220 0.105020346    C  0.176094747 0.127300320 0.000000000     A  0 0 0
3.956 3.944	D	0.1605740400	0.1264183467	0.0937236001     A  0.174565093 0.130848773 0.000000000    C  0.027850240 0.000000000 0.249954329     B  0 0 0
3.956 3.946	D	0.1614443600	0.1330459667	0.0802449897     A  0.171097000 0.136768360 0.000000000    B  0.036830360 0.000000000 0.247651703     C  0.000000000 0.000000000 0.251354104
3.956 3.948	D	0.1606136000	0.1366008000	0.0759960643     A  0.167444293 0.142443840 0.000000000    C  0.000000000 0.000000000 0.250759322     B  0.157000453 0.000000000 0.161351205
3.956 3.950	D	0.1598224000	0.1414363333	0.0683414613     A  0.164820147 0.146545000 0.000000000    C  0.000000000 0.000000000 0.250146758     B  0.157330120 0.000000000 0.160225467
3.956 3.952	A	0.1615366667	0.1514801600	0.0000000000     D  0.159571853 0.146711413 0.055454636    C  0.000000000 0.000000000 0.249335396     B  0.157567480 0.000000000 0.159491687
3.956 3.954	A	0.1586224133	0.1555635400	0.0000000000     D  0.158042200 0.151438200 0.046940970    C  0.000000000 0.000000000 0.248356355     B  0.155431240 0.000000000 0.162225654
3.956 3.956	A	0.1577784667	0.1577784667	0.0000000000     D  0.204366960 0.000000000 0.034089909    B  0.000000000 0.000000000 0.247807723     C  0 0 0
3.958 3.932	C	0.0000000000	0.0000000000	0.2563332288     B  0.032086187 0.000000000 0.253235210    D  0.151525433 0.081693853 0.153646459     A  0.188466767 0.101484920 0.000000000
3.958 3.934	C	0.0000000000	0.0000000000	0.2550914870     B  0.155166793 0.092304753 0.141242742    D  0.187292560 0.104932893 0.000000000     A  0 0 0
3.958 3.936	C	0.0000000000	0.0000000000	0.2544568683     B  0.037864867 0.000000000 0.250601312    D  0.160892700 0.102021120 0.123691028     A  0.184627507 0.111441280 0.000000000
3.958 3.938	C	0.0000000000	0.0000000000	0.2537260248     D  0.163650107 0.109148233 0.111089005    B  0.033247200 0.000000000 0.250698007     A  0.183928260 0.113886960 0.000000000
3.958 3.940	D	0.1654707867	0.1147722000	0.1005243371     A  0.180497993 0.120852933 0.000000000    C  0.000000000 0.000000000 0.253310011     B  0.045925993 0.000000000 0.247142509
3.958 3.942	D	0.1667769267	0.1202835600	0.0897137650     A  0.178439833 0.125513280 0.000000000    C  0.000000000 0.000000000 0.251733125     B  0.157990167 0.000000000 0.162419772
3.958 3.944	D	0.1665394467	0.1253140267	0.0825935296     A  0.175471333 0.130927653 0.000000000    C  0.000000000 0.000000000 0.251115018     B  0.158333193 0.000000000 0.161252676
3.958 3.946	D	0.1669088600	0.1304021467	0.0720320113     A  0.174363093 0.133848320 0.000000000    C  0.000000000 0.000000000 0.250422083     B  0.158649833 0.000000000 0.160504631
3.958 3.948	D	0.1662360000	0.1351795200	0.0642746054     A  0.171315433 0.138877480 0.000000000    C  0.000000000 0.000000000 0.250343265     B  0.155153600 0.000000000 0.165281059
3.958 3.950	A	0.1697454267	0.1422263333	0.0000000000     D  0.165747847 0.140106500 0.053478878    C  0.000000000 0.000000000 0.248956440     B  0.151195600 0.000000000 0.169650058
3.958 3.952	A	0.1673310467	0.1463030400	0.0000000000     D  0.164494480 0.144801280 0.045528659    C  0.000000000 0.000000000 0.248425223     B  0.149242987 0.000000000 0.171618453
3.958 3.954	A	0.1632806933	0.1518204200	0.0000000000     D  0.162964053 0.149487560 0.035213580    C  0.000000000 0.000000000 0.247373143     B  0.144810027 0.000000000 0.176284915
3.958 3.956	A	0.1601670667	0.1562092533	0.0000000000     D  0.000000000 0.000000000 0.247086978    C  0.141828333 0.000000000 0.179291170     B  0 0 0
3.958 3.958	A	0.1590192467	0.1590192467	0.0000000000     D  0.000000000 0.000000000 0.245997762    C  0.137883527 0.000000000 0.183145724     B  0 0 0
3.960 3.932	C	0.0000000000	0.0000000000	0.2554446078     B  0.045447600 0.000000000 0.249818659    D  0.163323600 0.088902520 0.131748431     A  0.191809200 0.096635453 0.000000000
3.960 3.934	C	0.0000000000	0.0000000000	0.2545732472     B  0.050661600 0.000000000 0.247190080    D  0.167296800 0.096697720 0.117838609     A  0.189908400 0.101759467 0.000000000
3.960 3.936	D	0.1702404000	0.1026377600	0.1057257948     C  0.000000000 0.000000000 0.253816314    B  0.052522800 0.000000000 0.246177308     A  0.189063600 0.105117440 0.000000000
3.960 3.938	D	0.1722468000	0.1086231667	0.0939335339     A  0.186054000 0.112127987 0.000000000    C  0.000000000 0.000000000 0.253347172     B  0.159337200 0.000000000 0.162349416
3.960 3.940	D	0.1728936000	0.1139448000	0.0848675296     A  0.183968400 0.116807867 0.000000000    C  0.000000000 0.000000000 0.252379614     B  0.159720000 0.000000000 0.161506227
3.960 3.942	D	0.1731312000	0.1186542000	0.0767966230     A  0.181632000 0.121939200 0.000000000    C  0.000000000 0.000000000 0.251120631     B  0.198396000 0.000000000 0.078982829
3.960 3.944	D	0.1726428000	0.1237495733	0.0692236530     A  0.178992000 0.127654133 0.000000000    B  0.200838000 0.000000000 0.068848812     C  0.000000000 0.000000000 0.250496635
3.960 3.946	A	0.1769064000	0.1317306333	0.0000000000     D  0.173184000 0.128757980 0.056438165    B  0.202870800 0.000000000 0.059035711     C  0.000000000 0.000000000 0.250065395
3.960 3.948	A	0.1757976000	0.1342583200	0.0000000000     D  0.171837600 0.133284480 0.050667749    C  0.000000000 0.000000000 0.249002233     B  0.142111200 0.000000000 0.181978513
3.960 3.950	A	0.1717452000	0.1411203333	0.0000000000     D  0.170900400 0.138013000 0.040408417    C  0.000000000 0.000000000 0.248532642     B  0.140646000 0.000000000 0.182964624
3.960 3.952	A	0.1691580000	0.1453545600	0.0000000000     D  0.169039200 0.142614507 0.034652948    B  0.137544000 0.000000000 0.185636210     C  0.000000000 0.000000000 0.247374990
3.960 3.954	A	0.1664256000	0.1496193600	0.0000000000     D  0.125056800 0.000000000 0.197283309    B  0.000000000 0.000000000 0.246670318     C  0 0 0
3.960 3.956	A	0.1640628000	0.1534400533	0.0000000000     D  0.126192000 0.000000000 0.195799528    B  0.000000000 0.000000000 0.246534839     C  0 0 0
3.960 3.958	A	0.1611852000	0.1575679800	0.0000000000     D  0.100610400 0.000000000 0.215838606    B  0.000000000 0.000000000 0.245458281     C  0 0 0
3.960 3.960	A	0.1601160000	0.1601160000	0.0000000000     D  0.106444800 0.000000000 0.211089309    B  0.000000000 0.000000000 0.244911137     C  0 0 0
3.962 3.932	C	0.0000000000	0.0000000000	0.2548476233     D  0.175820353 0.089086013 0.108196855    A  0.194626647 0.092336467 0.000000000     B  0.160381760 0.000000000 0.163380025
3.962 3.934	D	0.1771278133	0.0958978067	0.0983530000     A  0.193319187 0.097196027 0.000000000    C  0.000000000 0.000000000 0.253548414     B  0.160672307 0.000000000 0.162573656
3.962 3.936	D	0.1814728067	0.1008009600	0.0800700604     A  0.191245740 0.102860800 0.000000000    C  0.000000000 0.000000000 0.252585893     B  0.161160953 0.000000000 0.161734300
3.962 3.938	D	0.1794389800	0.1066935467	0.0783689480     A  0.189436427 0.107756807 0.000000000    B  0.200133827 0.000000000 0.076712278     C  0.000000000 0.000000000 0.252161282
3.962 3.940	D	0.1791748467	0.1117778000	0.0712827300     A  0.187666733 0.112408200 0.000000000    B  0.201890313 0.000000000 0.069269872     C  0.000000000 0.000000000 0.251264208
3.962 3.942	A	0.1849725733	0.1183388400	0.0000000000     D  0.179438980 0.116880300 0.061146108    C  0.000000000 0.000000000 0.250822963     B  0.144560173 0.000000000 0.181460472
3.962 3.944	A	0.1821331400	0.1242885867	0.0000000000     D  0.179095607 0.121646107 0.051532129    B  0.129425333 0.000000000 0.196621998     C  0.000000000 0.000000000 0.250005783
3.962 3.946	A	0.1794786000	0.1295077200	0.0000000000     D  0.178488100 0.126285153 0.042600531    B  0.103262927 0.000000000 0.217497447     C  0.000000000 0.000000000 0.249134667
3.962 3.948	A	0.1785805467	0.1321658800	0.0000000000     D  0.176810853 0.131047280 0.036712851    B  0.123561573 0.000000000 0.200942346     C  0.000000000 0.000000000 0.248602133
3.962 3.950	A	0.1754505667	0.1376443333	0.0000000000     D  0.122042807 0.000000000 0.201642093    B  0.000000000 0.000000000 0.247261046     C  0 0 0
3.962 3.952	A	0.1735620133	0.1410205333	0.0000000000     D  0.110605833 0.000000000 0.210496963    B  0.000000000 0.000000000 0.247367927     C  0 0 0
3.962 3.954	A	0.1707489933	0.1458762400	0.0000000000     D  0.209576593 0.000000000 0.007368391    B  0.000000000 0.000000000 0.246187125     C  0 0 0
3.962 3.956	A	0.1681736933	0.1501829467	0.0000000000     D  0.209669040 0.000000000 0.006388734    B  0.000000000 0.000000000 0.245598847     C  0 0 0
3.962 3.958	A	0.1653078467	0.1544279667	0.0000000000     D  0.209827520 0.000000000 0.004340977    B  0.000000000 0.000000000 0.244968927     C  0 0 0
3.962 3.960	A	0.1626929267	0.1582152000	0.0000000000     D  0.210078447 0.000000000 0.004600990    B  0.000000000 0.000000000 0.244088275     C  0 0 0
3.962 3.962	A	0.1611213333	0.1611213333	0.0000000000     D  0.210104860 0.000000000 0.001641851    B  0.000000000 0.000000000 0.243840242     C  0 0 0
3.964 3.932	D	0.1845638400	0.0881685467	0.0884400208     A  0.196654040 0.090134547 0.000000000    B  0.198794600 0.000000000 0.086166075     C  0.000000000 0.000000000 0.253926756
3.964 3.934	D	0.1851320133	0.0936816533	0.0804082070     A  0.194909880 0.095779787 0.000000000    B  0.200538760 0.000000000 0.079625579     C  0.000000000 0.000000000 0.252776808
3.964 3.936	D	0.1867176133	0.0987017600	0.0675194762     A  0.193139293 0.101181440 0.000000000    B  0.202375413 0.000000000 0.072075559     C  0.000000000 0.000000000 0.252100061
3.964 3.938	A	0.1918840267	0.1046982933	0.0000000000     D  0.185792680 0.103976327 0.063083498    B  0.205943013 0.000000000 0.054131742     C  0.000000000 0.000000000 0.251744648
3.964 3.940	A	0.1894792000	0.1111211333	0.0000000000     D  0.185277360 0.108941000 0.055922765    B  0.135555587 0.000000000 0.192208617     C  0.000000000 0.000000000 0.251080716
3.964 3.942	A	0.1877086133	0.1159079400	0.0000000000     D  0.184603480 0.113871240 0.048946631    B  0.207925013 0.000000000 0.040575024     C  0.000000000 0.000000000 0.250217560
3.964 3.944	A	0.1861362267	0.1193060000	0.0000000000     D  0.105204560 0.000000000 0.216986958    B  0.000000000 0.000000000 0.248987587     C  0 0 0
3.964 3.946	A	0.1835464133	0.1250618933	0.0000000000     D  0.182872533 0.123299347 0.032001266    B  0.113436467 0.000000000 0.210226383     C  0.000000000 0.000000000 0.248604606
3.964 3.948	A	0.1811283733	0.1299286800	0.0000000000     D  0.210144853 0.000000000 0.017354815    B  0.000000000 0.000000000 0.247362823     C  0 0 0
3.964 3.950	A	0.1790142400	0.1341288333	0.0000000000     D  0.210316627 0.000000000 0.014780476    B  0.000000000 0.000000000 0.247451377     C  0 0 0
3.964 3.952	A	0.1765037067	0.1389128000	0.0000000000     D  0.210726240 0.000000000 0.006468468    B  0.000000000 0.000000000 0.246452659     C  0 0 0
3.964 3.954	A	0.1738742533	0.1434511200	0.0000000000     D  0.210950867 0.000000000 0.005333005    B  0.000000000 0.000000000 0.245529480     C  0 0 0
3.964 3.956	A	0.1713240800	0.1476379200	0.0000000000     D  0.210950867 0.000000000 0.008748073    B  0.000000000 0.000000000 0.244920900     C  0 0 0
3.964 3.958	D	0.1705841333	0.1498630733	0.0030473430     A  0.211109427 0.000000000 0.005265817    B  0.000000000 0.000000000 0.244262146     C  0 0 0
3.964 3.960	D	0.1679811067	0.1540572000	0.0039972219     A  0.211228347 0.000000000 0.002554154    B  0.000000000 0.000000000 0.243568577     C  0 0 0
3.964 3.962	A	0.1631186000	0.1602496933	0.0000000000     D  0.211267987 0.000000000 0.008287207    B  0.000000000 0.000000000 0.242710216     C  0 0 0
3.964 3.964	A	0.1622993733	0.1622993733	0.0000000000     D  0.211347267 0.000000000 0.009223140    B  0.000000000 0.000000000 0.241992095     C  0 0 0
3.966 3.932	D	0.1910951000	0.0850491600	0.0735229726     A  0.199053540 0.086582640 0.000000000    B  0.139854380 0.000000000 0.190593166     C  0.000000000 0.000000000 0.253575965
3.966 3.934	A	0.1976522200	0.0917539933	0.0000000000     D  0.192351000 0.090101713 0.060950809    B  0.205980820 0.000000000 0.060060227     C  0.000000000 0.000000000 0.251980130
3.966 3.936	A	0.1958014200	0.0976521600	0.0000000000     D  0.191412380 0.095697280 0.056755006    B  0.208215000 0.000000000 0.046667278     C  0.000000000 0.000000000 0.251771496
3.966 3.938	A	0.1941357000	0.1027161667	0.0000000000     D  0.191134760 0.100668407 0.048831363    B  0.208796680 0.000000000 0.042114511     C  0.000000000 0.000000000 0.250861350
3.966 3.940	A	0.1928665800	0.1066295333	0.0000000000     D  0.192033720 0.105250533 0.031299176    B  0.209550220 0.000000000 0.036628372     C  0.000000000 0.000000000 0.249901079
3.966 3.942	A	0.1908571400	0.1119002400	0.0000000000     D  0.210369860 0.000000000 0.028646546    B  0.000000000 0.000000000 0.249157767     C  0 0 0
3.966 3.944	A	0.1884775400	0.1172551200	0.0000000000     D  0.210977980 0.000000000 0.022281016    B  0.000000000 0.000000000 0.248788139     C  0 0 0
3.966 3.946	A	0.1862565800	0.1224575333	0.0000000000     D  0.211453900 0.000000000 0.014836372    B  0.000000000 0.000000000 0.247317709     C  0 0 0
3.966 3.948	A	0.1852783000	0.1250858000	0.0000000000     D  0.211837280 0.000000000 0.004383019    B  0.000000000 0.000000000 0.247151008     C  0 0 0
3.966 3.950	A	0.1829912400	0.1300735000	0.0000000000     D  0.211652200 0.000000000 0.014726111    B  0.000000000 0.000000000 0.246277879     C  0 0 0
3.966 3.952	A	0.1804397800	0.1349608000	0.0000000000     D  0.212035580 0.000000000 0.002477562    B  0.000000000 0.000000000 0.245481380     C  0 0 0
3.966 3.954	A	0.1776371400	0.1401956600	0.0000000000     D  0.212128120 0.000000000 0.006570782    B  0.000000000 0.000000000 0.244873439     C  0 0 0
3.966 3.956	A	0.1768439400	0.1422973200	0.0000000000     D  0.212114900 0.000000000 0.010676211    B  0.000000000 0.000000000 0.244269451     C  0 0 0
3.966 3.958	A	0.1729176000	0.1484381933	0.0000000000     D  0.212299980 0.000000000 0.008992494    B  0.000000000 0.000000000 0.244107700     C  0 0 0
3.966 3.960	A	0.1713047600	0.1514172000	0.0000000000     D  0.212445400 0.000000000 0.007544447    B  0.000000000 0.000000000 0.242838981     C  0 0 0
3.966 3.962	A	0.1673387600	0.1569876467	0.0000000000     D  0.212630480 0.000000000 0.001980074    B  0.000000000 0.000000000 0.242386680     C  0 0 0
3.966 3.964	D	0.1661225200	0.1594452933	0.0016266292     A  0.212736240 0.000000000 0.004936336    B  0.000000000 0.000000000 0.241525493     C  0 0 0
3.966 3.966	A	0.1633859800	0.1633859800	0.0000000000     D  0.212815560 0.000000000 0.006758868    B  0.000000000 0.000000000 0.240467863     C  0 0 0
3.968 3.932	A	0.2013760000	0.0832535467	0.0000000000     D  0.197474133 0.082650640 0.052775297    B  0.208505173 0.000000000 0.052364579     C  0.000000000 0.000000000 0.252125038
3.968 3.934	A	0.1997755733	0.0892231200	0.0000000000     D  0.197156693 0.086784040 0.047277733    B  0.209523627 0.000000000 0.045516936     C  0.000000000 0.000000000 0.251886395
3.968 3.936	A	0.1988629333	0.0926665600	0.0000000000     D  0.196548267 0.092154880 0.040396848    B  0.210409813 0.000000000 0.038848092     C  0.000000000 0.000000000 0.250437989
3.968 3.938	A	0.1967334400	0.0994345000	0.0000000000     D  0.211203413 0.000000000 0.031202570    B  0.000000000 0.000000000 0.250286497     C  0 0 0
3.968 3.940	A	0.1956488533	0.1032542667	0.0000000000     D  0.211944107 0.000000000 0.022416465    B  0.000000000 0.000000000 0.249407400     C  0 0 0
3.968 3.942	A	0.1939690667	0.1077217200	0.0000000000     D  0.212777387 0.000000000 0.006055184    B  0.000000000 0.000000000 0.248686267     C  0 0 0
3.968 3.944	A	0.1913898667	0.1141262133	0.0000000000     D  0.212578987 0.000000000 0.014406022    B  0.000000000 0.000000000 0.247506031     C  0 0 0
3.968 3.946	A	0.1890222933	0.1198005600	0.0000000000     D  0.212711253 0.000000000 0.014533281    B  0.000000000 0.000000000 0.247186270     C  0 0 0
3.968 3.948	A	0.1875938133	0.1230986400	0.0000000000     D  0.213081600 0.000000000 0.006978094    B  0.000000000 0.000000000 0.246372216     C  0 0 0
3.968 3.950	A	0.1859272533	0.1271373333	0.0000000000     D  0.213160960 0.000000000 0.008606928    B  0.000000000 0.000000000 0.245880699     C  0 0 0
3.968 3.952	A	0.1830967467	0.1327081600	0.0000000000     D  0.213121280 0.000000000 0.010600409    B  0.000000000 0.000000000 0.245201328     C  0 0 0
3.968 3.954	D	0.1821312000	0.1352136200	0.0048320029     A  0.213346133 0.000000000 0.008199288    B  0.000000000 0.000000000 0.244541251     C  0 0 0
3.968 3.956	A	0.1793271467	0.1404116267	0.0000000000     D  0.213504853 0.000000000 0.006372681    B  0.000000000 0.000000000 0.243594710     C  0 0 0
3.968 3.958	A	0.1768802133	0.1449947333	0.0000000000     D  0.213544533 0.000000000 0.004625626    B  0.000000000 0.000000000 0.242840798     C  0 0 0
3.968 3.960	A	0.1743936000	0.1490016000	0.0000000000     D  0.213650347 0.000000000 0.005601897    B  0.000000000 0.000000000 0.242268300     C  0 0 0
3.968 3.962	D	0.1723566933	0.1525237933	0.0039299965     A  0.213848747 0.000000000 0.005014702    B  0.000000000 0.000000000 0.241068096     C  0 0 0
3.968 3.964	A	0.1688384000	0.1577539867	0.0000000000     D  0.213954560 0.000000000 0.004675101    B  0.000000000 0.000000000 0.240431556     C  0 0 0
3.968 3.966	D	0.1673041067	0.1605569000	0.0015089087     A  0.214166187 0.000000000 0.003880020    B  0.000000000 0.000000000 0.239564472     C  0 0 0
3.968 3.968	A	0.1645661867	0.1645661867	0.0000000000     D  0.214311680 0.000000000 0.001640251    B  0.000000000 0.000000000 0.239546701     C  0 0 0
3.970 3.932	A	0.2042300333	0.0779453467	0.0000000000     D  0.201795100 0.077080307 0.042230820    B  0.211561300 0.000000000 0.037822168     C  0.000000000 0.000000000 0.251923252
3.970 3.934	A	0.2027479000	0.0841744867	0.0000000000     D  0.201689233 0.082141920 0.032503685    B  0.212275900 0.000000000 0.031170465     C  0.000000000 0.000000000 0.250511296
3.970 3.936	A	0.2016627667	0.0884550400	0.0000000000     D  0.212739067 0.000000000 0.026106207    B  0.000000000 0.000000000 0.250319546     C  0 0 0
3.970 3.938	A	0.1996248333	0.0949845600	0.0000000000     D  0.213652167 0.000000000 0.013133062    B  0.000000000 0.000000000 0.249638078     C  0 0 0
3.970 3.940	A	0.1975869000	0.1011660667	0.0000000000     D  0.213400733 0.000000000 0.018952811    B  0.000000000 0.000000000 0.248805255     C  0 0 0
3.970 3.942	A	0.1958401000	0.1063288800	0.0000000000     D  0.213731567 0.000000000 0.015006810    B  0.000000000 0.000000000 0.247750431     C  0 0 0
3.970 3.944	A	0.1941991667	0.1108658400	0.0000000000     D  0.214181500 0.000000000 0.006209928    B  0.000000000 0.000000000 0.247457535     C  0 0 0
3.970 3.946	D	0.1931140333	0.1139341733	0.0075337869     A  0.214062400 0.000000000 0.010383077    B  0.000000000 0.000000000 0.245969762     C  0 0 0
3.970 3.948	A	0.1905070667	0.1201639600	0.0000000000     D  0.214181500 0.000000000 0.009598152    B  0.000000000 0.000000000 0.246001169     C  0 0 0
3.970 3.950	A	0.1882177000	0.1252940000	0.0000000000     D  0.214472633 0.000000000 0.007079924    B  0.000000000 0.000000000 0.244940947     C  0 0 0
3.970 3.952	A	0.1883235667	0.1263981333	0.0000000000     D  0.214565267 0.000000000 0.002528868    B  0.000000000 0.000000000 0.244416602     C  0 0 0
3.970 3.954	A	0.1857695333	0.1317341000	0.0000000000     D  0.214604967 0.000000000 0.007246589    B  0.000000000 0.000000000 0.243885828     C  0 0 0
3.970 3.956	D	0.1831890333	0.1365347467	0.0033979155     A  0.214684367 0.000000000 0.006424250    B  0.000000000 0.000000000 0.242480650     C  0 0 0
3.970 3.958	A	0.1807673333	0.1411554733	0.0000000000     D  0.214949033 0.000000000 0.003230944    B  0.000000000 0.000000000 0.242211834     C  0 0 0
3.970 3.960	D	0.1786764667	0.1450812000	0.0016266917     A  0.214962267 0.000000000 0.002344578    B  0.000000000 0.000000000 0.241716717     C  0 0 0
3.970 3.962	A	0.1753681333	0.1503711067	0.0000000000     D  0.215134300 0.000000000 0.004479981    B  0.000000000 0.000000000 0.240708053     C  0 0 0
3.970 3.964	D	0.1734757667	0.1538824800	0.0032129019     A  0.215240167 0.000000000 0.001718680    B  0.000000000 0.000000000 0.239565071     C  0 0 0
3.970 3.966	A	0.1699557000	0.1588779600	0.0000000000     D  0.215253400 0.000000000 0.003527815    B  0.000000000 0.000000000 0.239346136     C  0 0 0
3.970 3.968	A	0.1668723333	0.1632699733	0.0000000000     D  0.215518067 0.000000000 0.003071682    B  0.000000000 0.000000000 0.238937924     C  0 0 0
3.970 3.970	A	0.1656681000	0.1656681000	0.0000000000     D  0.215584233 0.000000000 0.001991009    B  0.000000000 0.000000000 0.238458258     C  0 0 0
3.972 3.932	A	0.2059482000	0.0765429333	0.0000000000     D  0.213971640 0.000000000 0.024987542    B  0.000000000 0.000000000 0.251356290     C  0 0 0
3.972 3.934	A	0.2043594000	0.0824041867	0.0000000000     D  0.214276160 0.000000000 0.021273057    B  0.000000000 0.000000000 0.250396924     C  0 0 0
3.972 3.936	A	0.2038430400	0.0857523200	0.0000000000     D  0.214699840 0.000000000 0.015470491    B  0.000000000 0.000000000 0.249871268     C  0 0 0
3.972 3.938	A	0.2013671600	0.0935275000	0.0000000000     D  0.214739560 0.000000000 0.015128002    B  0.000000000 0.000000000 0.248861350     C  0 0 0
3.972 3.940	A	0.2009302400	0.0960572000	0.0000000000     D  0.215057320 0.000000000 0.010022042    B  0.000000000 0.000000000 0.247708387     C  0 0 0
3.972 3.942	A	0.1987588800	0.1021503600	0.0000000000     D  0.215044080 0.000000000 0.011729403    B  0.000000000 0.000000000 0.247341753     C  0 0 0
3.972 3.944	A	0.1968655600	0.1078684000	0.0000000000     D  0.215295640 0.000000000 0.007434985    B  0.000000000 0.000000000 0.246612838     C  0 0 0
3.972 3.946	D	0.1960711600	0.1104880000	0.0057475089     A  0.215428040 0.000000000 0.007329379    B  0.000000000 0.000000000 0.245875188     C  0 0 0
3.972 3.948	A	0.1936614800	0.1165449600	0.0000000000     D  0.215481000 0.000000000 0.008227672    B  0.000000000 0.000000000 0.244847249     C  0 0 0
3.972 3.950	A	0.1919270400	0.1208963333	0.0000000000     D  0.215639880 0.000000000 0.006035869    B  0.000000000 0.000000000 0.244720058     C  0 0 0
3.972 3.952	A	0.1891863600	0.1267142933	0.0000000000     D  0.215719320 0.000000000 0.002606720    B  0.000000000 0.000000000 0.243686475     C  0 0 0
3.972 3.954	D	0.1885376000	0.1290453800	0.0017837902     A  0.215917920 0.000000000 0.002527995    B  0.000000000 0.000000000 0.242551101     C  0 0 0
3.972 3.956	A	0.1862735600	0.1337919200	0.0000000000     D  0.216010600 0.000000000 0.004507907    B  0.000000000 0.000000000 0.241814793     C  0 0 0
3.972 3.958	D	0.1839565600	0.1381473933	0.0037090470     A  0.216103280 0.000000000 0.002019030    B  0.000000000 0.000000000 0.241088070     C  0 0 0
3.972 3.960	A	0.1805009200	0.1440384000	0.0000000000     D  0.216195960 0.000000000 0.005092188    B  0.000000000 0.000000000 0.241321941     C  0 0 0
3.972 3.962	D	0.1791107200	0.1470826467	0.0040977090     A  0.216341600 0.000000000 0.002317768    B  0.000000000 0.000000000 0.240043238     C  0 0 0
3.972 3.964	D	0.1769526000	0.1509887600	0.0030174307     A  0.216474000 0.000000000 0.003007289    B  0.000000000 0.000000000 0.239621376     C  0 0 0
3.972 3.966	D	0.1744237600	0.1551102600	0.0033028636     A  0.216579920 0.000000000 0.002603187    B  0.000000000 0.000000000 0.238312897     C  0 0 0
3.972 3.968	A	0.1708357200	0.1603601067	0.0000000000     D  0.216632880 0.000000000 0.003826047    B  0.000000000 0.000000000 0.238119167     C  0 0 0
3.972 3.970	A	0.1680950400	0.1643447667	0.0000000000     D  0.216805000 0.000000000 0.003773296    B  0.000000000 0.000000000 0.237386846     C  0 0 0
3.972 3.972	A	0.1667313200	0.1667313200	0.0000000000     D  0.001204840 0.000000000 0.236567620    C  0.000000000 0.000000000 0.000000000     B  0 0 0
